# oST version 5.0 parameters


[image]

width
640

height
480

[narrow_stereo]

camera matrix
826.679154 0.000000 383.175276
0.000000 821.499969 301.178884
0.000000 0.000000 1.000000

distortion
0.006985 0.017187 0.015388 0.022859 0.000000

rectification
1.000000 0.000000 0.000000
0.000000 1.000000 0.000000
0.000000 0.000000 1.000000

projection
822.919861 0.000000 391.218604 0.000000
0.000000 826.825073 304.495223 0.000000
0.000000 0.000000 1.000000 0.000000

