-13 = 1307
-12 = 351
-10 = 1658
-1 = 2963
alphaNBR = 8238
alphaSUM = -103500
geoDispNUM = 8250
geoDispSUM = 8.43613e+08
photoDispSUM = 1776.71
phototDispNBR = 8250
resultVarNBR = 8250
resultVarSUM = 6.26083e+10
