Predicted State :
Matrice :
  -0.119679
  -0.150975
  0.188011
  0
  0
  0
Predicted Covariance : 
Matrice :
  2.48127  2.49408  -3.52706  2.48127  2.49408  -3.52706
  2.49408  2.50696  -3.54527  2.49408  2.50696  -3.54527
  -3.52706  -3.54527  5.01372  -3.52706  -3.54527  5.01372
  0  0  0  1.5e-06  0  0
  0  0  0  0  1.5e-06  0
  0  0  0  0  0  1.5e-06
Kalman Gain : 
Matrice :
  -1760.81  -1770.31  2503.28
  -1770.25  -1779.11  2516.21
  2503.25  2516.25  -3558.35
  0.0847456  -0.0847463  0.000440681
  -0.0847463  0.0847446  0.00105933
  0.000440681  0.00105933  -5.50851e-06
Innovation : 
Matrice :
  0.00165175
  0.000490299
  -0.00290014
Updated State : 
Matrice :
  -11.156
  -11.2446
  15.8762
  9.7149e-05
  -0.000101501
  1.26326e-06
Updated Covariance : 
Matrice :
  17616.1  17707  -25041  0.00264122  0.00265547  -0.00375492
  17707  17798.4  -25170.3  0.00265538  0.00266866  -0.00377431
  -25041  -25170.3  35595.5  -0.00375488  -0.00377438  0.00533753
  2.48391  2.49673  -3.53082  1.37288e-06  1.27119e-07  -6.61021e-10
  2.49673  2.50962  -3.54904  1.27119e-07  1.37288e-06  -1.58899e-09
  -3.53082  -3.54905  5.01906  -6.61021e-10  -1.58899e-09  1.50001e-06
 L'execution de l'EKF a prise : 0.00025 secondes.
[ INFO] [1438607077.573024118]: EKF GLOBAL POSE : 
Matrice :
  -11.156  -11.2446  15.8762  9.7149e-05  -0.000101501  1.26326e-06

